<?xml version="1.0"?>
<opencv_storage>
<calibration_Time>"mar 19 may 2026 09:09:37"</calibration_Time>
<nrOfFrames>39</nrOfFrames>
<image_Width>800</image_Width>
<image_Height>600</image_Height>
<board_Width>8</board_Width>
<board_Height>6</board_Height>
<square_Size>24.069999694824219</square_Size>
<FixAspectRatio>1.</FixAspectRatio>
<!-- flags:  +fix_aspectRatio -->
<flagValue>2</flagValue>
<Camera_Matrix type_id="opencv-matrix">
  <rows>3</rows>
  <cols>3</cols>
  <dt>d</dt>
  <data>
    772.58958628737639 0. 416.74478360251896 0. 772.58958628737639
    305.71544396360059 0. 0. 1.</data></Camera_Matrix>
<Distortion_Coefficients type_id="opencv-matrix">
  <rows>5</rows>
  <cols>1</cols>
  <dt>d</dt>
  <data>
    0.17219640365431971 -0.91319210765822223 -0.0058949901350587629
    0.0027799122919129624 1.8958650579176224</data></Distortion_Coefficients>
<Avg_Reprojection_Error>0.52246105899697826</Avg_Reprojection_Error>
<Per_View_Reprojection_Errors type_id="opencv-matrix">
  <rows>39</rows>
  <cols>1</cols>
  <dt>f</dt>
  <data>
    0.10831584 0.170842841 0.149482712 0.215610191 0.173256233
    0.191141009 0.272021949 0.355952293 0.340147376 0.323362201
    0.33505708 0.266079485 0.270212263 0.365240902 0.211765856
    0.237005144 0.219293654 0.226505026 0.374233931 0.400687188
    2.2975266 0.369588315 1.31480026 0.395218283 0.393046975 0.338184178
    0.375939101 0.277553529 0.314542085 0.329151213 0.414548814
    0.410040408 0.53000474 0.161727443 0.254641563 0.391807944
    0.404434949 0.321914822 0.17517066</data></Per_View_Reprojection_Errors>
<!-- a set of 6-tuples (rotation vector + translation vector) for each view -->
<Extrinsic_Parameters type_id="opencv-matrix">
  <rows>39</rows>
  <cols>6</cols>
  <dt>d</dt>
  <data>
    -0.021843533766046894 -0.047267002787589663 -0.49959074732148812
    -179.17320569237299 -104.99805780853664 1108.7318492343707
    0.022822296037185077 -0.15264320884910257 -0.5740532483877514
    -213.93119902349196 -57.075881315545544 611.10412091675948
    -0.08453363510603655 -0.26433728413061192 -0.55437520365830695
    -142.88593313657626 -55.599016545194765 563.07284801930325
    -0.71195992738354386 -0.36566611648120878 -0.62467266921829701
    -160.12929417112579 -55.64184100314155 575.81278942445772
    -0.47986599101952976 0.080030173835504662 0.17873898798610699
    -142.76023958175335 -119.39339303359795 643.81704548861046
    0.45695615531199663 0.23273033794452097 -0.095971488448891473
    -126.82331040620912 -131.06984066233491 584.97187620911893
    0.81322700703602191 0.45217479520759413 -0.32580257483482722
    -85.56125192999923 -122.95356865212288 541.65091368721687
    0.85228056271857855 0.60883377585035325 -0.34021641702277527
    -54.34122174968855 -85.269108244391305 442.94050367197229
    0.67699408453387599 0.75845682590243135 -0.096235721976454844
    -34.140568358881339 -85.786129652903838 489.3875917667317
    0.58315366968676641 0.80868688311285353 0.015216462708085384
    -9.0304914664341958 -106.64246404931258 517.35655153469429
    0.48356887704482521 0.92234939102988278 0.10950662489187993
    -0.985248066795819 -100.01662299918927 480.41923069917118
    0.30525959797722091 0.091238832194940694 0.06024600677992057
    -142.95758710351035 -106.93441796002193 406.61272739748665
    0.36507792716124965 -0.57241332641665454 -0.076761309082652857
    -104.07276269516896 -81.160443153514848 352.94948548274988
    0.37491470748920797 -0.62406635409170508 -0.09607791753226276
    -57.835097402415222 -49.046493866562045 288.01969094920719
    -0.64368772315637912 -0.076011252709475577 0.01811325096790501
    -63.085165235777133 -17.612438564320833 476.99055130886433
    -0.85385331415574672 0.016627310360387962 0.032160605196744026
    -46.016259614680799 -3.2115092741620788 563.48065168588403
    -1.0018529677229122 0.11146402543268129 0.1668828843176014
    -21.936692900109549 1.5576442607968197 607.32439984617952
    -0.87211423680637068 0.24588406044367406 0.38998681444450156
    -14.346421853563175 -36.177295602721067 618.70536963364123
    -1.0793824463118482 0.088791108675799021 0.074379283730294038
    -73.825096731003782 -33.616562239626106 439.2676161879744
    -1.1665134666916286 0.18352444397969317 0.25283182896322337
    -45.877907112467568 -9.1716984759305706 409.54581858561107
    -0.92801551462752352 0.31470063880490007 0.66485031675071427
    -22.767641144512144 -29.634459276166925 446.6022731887096
    -0.82471851396461993 0.32193451663178052 0.82598500835005129
    -6.3626467733421501 -71.140346076144539 393.35804943018871
    -0.62531708334156577 0.23974751031241109 0.83304752420620154
    -7.8246123782337236 -68.700018106686542 372.81000283142481
    -0.97602558756183333 0.48401996492645266 0.74488522672904933
    -25.138432981463069 -77.002763298576298 486.7486376542891
    -0.66537674057961882 0.31375723372736858 0.57320323351143687
    -19.499936296228395 -130.79709398218151 379.77781139362349
    -0.66557783600267906 0.37271706752162681 0.55743913629401998
    -6.1794979332458304 -149.59178337862733 468.54973684221227
    0.1364091669352806 0.35187569742244201 -0.036095893159852656
    -74.018523127786139 -136.99820468109604 504.80193982452869
    0.77990918706799051 0.43424783774382025 -0.21957183636473457
    -93.758292166469261 -108.03634862794934 523.58410698097953
    0.91467770566202289 -0.023566742174605203 0.74255211898927198
    -0.99603021084165755 -71.264977443305355 423.30884165648422
    1.0637501280690667 -0.30920840092096202 0.7640169514540498
    -15.232866588897918 -47.025538077721663 357.04055609881954
    1.0427163122605343 -0.37933420082460811 0.73175338625012376
    -44.379402251609022 -58.693971213006776 266.27194625179055
    0.24241148485079256 -0.12352569205245928 0.088084458039984659
    -48.129514336760636 -70.10084760545692 320.83277863057964
    0.20103362427603266 0.028082721002864519 0.048460104348350852
    -109.21741718653303 -43.665107723319416 256.82173828906946
    -0.25123437253214231 0.022377483291718465 -0.2551790477905298
    -126.9915428186973 -98.077514242638912 574.78028597801483
    -0.81094746413406704 -0.21822568351532751 -0.52690565022710323
    -131.00751596553229 -55.826842776881733 576.4092136298475
    -0.90948862589950152 -0.20822813346021851 -0.56901540587894017
    -80.339262215163856 -33.67446495553402 383.20527162264824
    -0.99028836121767194 -0.17118233429442523 -0.54711633940356519
    -108.96250524775252 -37.263433943912943 356.60991227357391
    -0.95033450533404895 -0.17354208340843316 -0.57989468350273099
    -123.65896696007388 -60.513383699949152 439.85176108272771
    0.13398613611987459 0.050475089668661981 0.096976331808883043
    -97.196887257626557 -145.06163077469165 565.58964122081863</data></Extrinsic_Parameters>
