<?xml version="1.0"?>
<opencv_storage>
<calibration_Time>"Wed 20 May 2026 12:46:10 AM CST"</calibration_Time>
<nrOfFrames>40</nrOfFrames>
<image_Width>1280</image_Width>
<image_Height>720</image_Height>
<board_Width>8</board_Width>
<board_Height>6</board_Height>
<square_Size>28.</square_Size>
<FixAspectRatio>1.</FixAspectRatio>
<!-- flags:  +fix_aspectRatio -->
<flagValue>2</flagValue>
<Camera_Matrix type_id="opencv-matrix">
  <rows>3</rows>
  <cols>3</cols>
  <dt>d</dt>
  <data>
    9.2271004234381508e+02 0. 6.2731451468570708e+02 0.
    9.2271004234381508e+02 3.5084595044220390e+02 0. 0. 1.</data></Camera_Matrix>
<Distortion_Coefficients type_id="opencv-matrix">
  <rows>5</rows>
  <cols>1</cols>
  <dt>d</dt>
  <data>
    4.5821454142566914e-02 -3.8974744579607251e-01
    2.8089913207370956e-03 -8.1315441700534341e-03
    7.0612626023711689e-01</data></Distortion_Coefficients>
<Avg_Reprojection_Error>3.2405185719366597e-01</Avg_Reprojection_Error>
<Per_View_Reprojection_Errors type_id="opencv-matrix">
  <rows>40</rows>
  <cols>1</cols>
  <dt>f</dt>
  <data>
    1.88334867e-01 1.48186609e-01 2.25102916e-01 3.00827175e-01
    2.93514758e-01 1.90698951e-01 1.85687989e-01 1.72125310e-01
    1.99117988e-01 1.89612910e-01 1.96401581e-01 4.27016765e-01
    2.22680360e-01 3.15081596e-01 2.25218266e-01 2.51740992e-01
    4.34567511e-01 3.59236896e-01 3.58625531e-01 3.29704434e-01
    3.18177342e-01 4.00384456e-01 4.40331608e-01 3.23330075e-01
    2.06551373e-01 3.67102683e-01 2.30082229e-01 3.44436467e-01
    2.64687568e-01 3.59456539e-01 3.81818235e-01 3.94760370e-01
    5.16538560e-01 2.94368982e-01 2.62336344e-01 4.11386579e-01
    3.77923787e-01 3.80228013e-01 3.05742681e-01 5.64087093e-01</data></Per_View_Reprojection_Errors>
<!-- a set of 6-tuples (rotation vector + translation vector) for each view -->
<Extrinsic_Parameters type_id="opencv-matrix">
  <rows>40</rows>
  <cols>6</cols>
  <dt>d</dt>
  <data>
    -4.8108808876923714e-01 1.8569822279505563e-01
    4.6357360473525663e-02 -1.4830706085292445e+02
    -7.1426465277303191e+00 1.0110834360404884e+03
    -4.1265093854216722e-01 1.2309342147490318e-01
    1.6055232270042300e-02 -1.7959877741018335e+01
    8.2331589122790518e+00 1.1896533371415774e+03
    -2.9110677380137195e-01 8.8088209018417560e-02
    -4.9684221753455098e-02 -7.5321765424520251e+01
    -7.1598993270380561e+01 9.7918147690043077e+02
    -1.4159146790501814e-01 4.2465216741444274e-02
    1.4234905712420103e-02 -9.7806658823606838e+01
    -3.5052420349707049e+01 6.8282373482903301e+02
    2.8245122939188568e-02 1.5815366649699755e-01 6.2507798473358828e-02
    -8.0478113232217794e+01 -3.9198794361012439e+01
    7.0100011397592834e+02 -1.7173563311709373e-02
    2.5007663253663302e-02 -4.0197490982298689e-02
    -1.4176627087158266e+02 -3.3452022267233346e+01
    6.6696259976013141e+02 -1.9587047201799712e-02
    5.8603886843353332e-02 1.6765837340304603e-02
    -7.5774390806356905e+01 -2.4755268735368237e+01
    6.7347288569636930e+02 -2.8814253585459280e-02
    7.3229991396860358e-02 2.2342157833114926e-02
    -6.3712412012685071e+01 -3.5632673121170065e+01
    6.9885835013869314e+02 -1.0632001490376528e-01
    9.8628754843276559e-02 -3.1985325547050147e-01
    -1.1980842472587933e+02 -3.2813503804491411e+01
    8.0597044421383509e+02 -3.5984549228047485e-01
    5.9154533980524268e-02 -5.7473324680861290e-02
    -1.0906461319560567e+02 -4.3226710676183956e+01
    9.6280607330769362e+02 -2.8118603324262886e-01
    1.4323536877180337e-01 8.4972984407872237e-02
    -5.2196909306599125e+01 -4.8809771917702584e+01
    7.2144396041763071e+02 2.2747661473002390e-03 1.1812517127758840e-01
    1.5981130724998925e-02 -1.0830862727614976e+02
    -2.3218408463367364e+01 5.4379480017084734e+02
    -6.6250378351501515e-01 -2.6604821339023083e-01
    -2.4611640200207019e-01 -1.8642039315868684e+02
    1.2792831466402452e+01 7.6931296356137193e+02
    -9.4386389290872552e-01 -1.6486644840760858e-01
    6.1775015311485056e-03 -1.7544383195851944e+02
    4.4753148007223402e+01 8.2711775327337477e+02
    -3.6003727262712065e-01 3.8191059805643657e-01
    4.5802942124216306e-01 8.2059373725376815e+01
    -3.1971625996508557e+01 8.4018139588754241e+02
    1.0348199888325409e-01 3.9312933578314890e-01 1.0104519106725594e-01
    -4.6187800606951264e+01 -6.8407924846809692e+01
    6.8955186432684809e+02 5.0739244339519796e-01 5.9480978902281445e-01
    8.0464865362716728e-02 -7.6208506940534519e+01
    -6.9055509767532740e+01 6.5459472620793576e+02
    5.6114466124704310e-01 5.6488861526656631e-01 1.0379602099979875e-01
    -7.1013834975989667e+01 -7.5588297497045374e+01
    6.2351962409550447e+02 5.7310987107288291e-01
    -3.9879002491789189e-01 1.0831077919650774e-01
    -7.4522854011586574e+01 -5.2250367044443948e+01
    6.1563972826843371e+02 -4.8829660952983445e-01
    -3.4424349534285348e-01 -3.4767865363151629e-01
    -8.8249344583810398e+01 3.5426459217011988e+01
    6.8570720240511616e+02 1.9840120890359672e-01
    -4.9872038854254180e-01 1.0746015911075750e-01
    -1.2598434361971700e+02 -1.0049957514885912e+02
    4.9167238005384883e+02 9.5370527121594328e-02
    -4.9784428633615013e-01 -9.7701865014722181e-02
    -1.4618134270976918e+02 -1.4949389885611080e+02
    6.0947297594146687e+02 7.2314419842454125e-02 3.8898403389180897e-01
    -2.9424656480683092e-01 1.3512734272203453e+01
    -6.1241473942448920e+01 6.3476113318217085e+02
    1.8793367861025984e-01 2.3246441730005057e-01 7.6721838270185708e-02
    -7.2421928230488675e+01 -5.6182413042441979e+01
    5.8356550423707995e+02 3.4572995106259630e-01
    -5.3978006044049865e-03 1.3215439567479512e-02
    -9.4386039196899532e+01 -1.3433695260076706e+02
    5.9122534336992783e+02 5.6290292560806077e-01 4.3171768406160334e-02
    -2.4937315081170620e-02 -7.9884908761305056e+01
    -3.6161906482644795e+01 5.9552517113065039e+02
    2.5384923222668027e-01 2.7221121048059044e-01 1.0307209110720311e-01
    -5.4902005734172768e+01 -1.2543156042072602e+02
    6.4768349447020546e+02 -6.3419766062282412e-01
    2.0112569983634440e-01 1.8068753986555774e-01
    -3.5751989948042961e+01 4.6075501735858886e+01
    7.3079333924831951e+02 -6.3075313184549053e-01
    8.8195878125693891e-02 -5.3097641027916647e-03
    -1.0164569842460187e+02 2.5242594381122583e+01
    6.1146007069528730e+02 -6.8299565425975339e-01
    7.7171830334528110e-02 -7.3817809204885683e-03
    -1.3581502831620068e+02 1.8304318066172748e+01
    6.4957184874928430e+02 -4.1573902247879163e-01
    -6.6256616797532438e-03 8.2585963029586137e-02
    -7.1550619371618339e+01 -1.3151619097879513e+01
    6.2041455681359912e+02 -6.7319289077648869e-01
    4.2959942690079626e-02 2.1621658807655748e-03
    -7.2222121975378514e+01 4.4381010452508029e+01
    5.8125766720859281e+02 -6.4997312106179139e-01
    4.6163794989651584e-02 5.4652100867964779e-02
    -7.0599980719085409e+01 -1.2499742927222323e+02
    5.7589549519656271e+02 -3.2738895223679332e-01
    6.8208995102375200e-02 3.2907350950905849e-02
    -7.7467659031319371e+01 -7.2330428631081475e+01
    5.5039266201047269e+02 -2.0650836009121332e-01
    -3.2596527562022531e-01 -1.9953439718702698e-01
    -1.5614570636484319e+02 -9.4543728608935410e+01
    6.4238004434381912e+02 7.7416013418114729e-02
    -7.3634990001609091e-01 -1.2897731575447305e-01
    -1.2548003779065547e+02 -7.3456803568085817e+01
    5.5927324811673316e+02 3.0191661001851097e-02
    -8.0427877115745650e-01 -2.2572770061158887e-01
    -9.8987545051712800e+01 -3.1377425471186552e+01
    5.2201162754573249e+02 -3.2551064809591157e-01
    -6.4551733555270230e-01 -1.9180924948752401e-01
    -1.3720224339648908e+02 -2.9553100171997272e+01
    5.3403532398216828e+02 -3.1905161189280612e-01
    2.8196338940832155e-01 -9.6559507457323213e-03
    -2.7008899872674455e+01 -1.8987819422708395e+01
    5.8996901518125310e+02 -3.7536291803915983e-01
    8.0614628901558583e-01 1.1823965978377191e-01 3.7439594028874583e+00
