{
 "cells": [
  {
   "attachments": {},
   "cell_type": "markdown",
   "id": "26dd2f5b",
   "metadata": {},
   "source": [
    "# Maestría en Ciencias de la Computación - Visión Computacional\n",
    "\n",
    "Fecha de entrega: lunes 1 de abril de 2026\n",
    "\n",
    "Alumno: Jesús Virgilio Ayala Gaspar \n",
    "\n",
    "Profesor: Arturo Espinosa Romero\n",
    "\n",
    "---\n",
    "\n",
    "## Proyecto Final - Tracking 3D\n",
    "\n",
    "\n",
    "\n",
    "El proyecto final consiste en modificar la plantilla  `Plantilla_Proyecto_Final.py` para lograr estimar la velocidad rotacional y translacional de la figura de una tablero de ajedrez de 6 x 8 cuadros así como detereminar la región de la imagen en donde se espera que aparezca el tablero en la siguiente cuadro del video.\n",
    "\n",
    "---\n",
    "\n",
    "### Objetivo\n",
    "\n",
    "Nuestro objetivo es que el programa muestre en una ventana un comportamiento similar al que se muestra en el video  chessBoardTracking.mkv.\n",
    "\n",
    "Un cuadro de ese video se muestra a continuación:\n",
    "\n",
    "![EjemploTracker.png](attachment:EjemploTracker.png)\n",
    "\n",
    "En la imágen se observa lo siguiente:\n",
    "\n",
    "- La referencia centrada en el marco de calibración como tres ejes de color rojo, verde y azul.\n",
    "- Cada una de las esquinas detectadas cuentan con un círculo.\n",
    "- Cada una de las esquinas detectadas muestran una flecha que indica la posición y velocidad actual.\n",
    "- El cuadro verde indica la región en donde se esperaría que se encontraran las esquinas en el siguiente cuadro del video.\n",
    "\n",
    "Los primeros dos elementos ya se encuentran implementados en una plantilla del proyecto que se les proporciona.\n",
    "\n",
    "El archivo `Plantilla_Proyecto_Final.py`, contiene una estructura general en la cual pueden trabajar. Si ejecutan ese programa tal como esta pasandole un archivo de video que muestre un tablero de ajedrez en movimiento, éste mostrará el video con los circulos en las esquinas y el marco de referencia. Les corresponde a ustedes agregar el código necesario para calcular la velocidad de posición y rotación del marco de calibración para cada cuadro del video y a partir de cada una de ellas estimar como dibujar las flechas y el cuadro verde en la imagen.\n",
    "\n",
    "Para probar el funcionamiento de la Plantilla, ejecútenlo como sigue:\n",
    "\n",
    "```\n",
    "python3 Plantilla_Proyecto_Final.py CalibFrame_800x700_LogitechC920.mkv\n",
    "\n",
    "```\n",
    "\n",
    "---\n",
    "\n",
    "### Procedimiento\n",
    "\n",
    "El procedimiento para desarrollar el programa de Tracking 3D es el siguiente:\n",
    "\n",
    "- 1. Referencia centrada en el marco de calibración\n",
    "- 2. Detección de esquinas\n",
    "- 3. Posición y velocidad de las esquinas\n",
    "- 4. Predicción de las esquinas\n",
    "\n",
    "Primero buscamos encontrar el marco de referencia del tablero de ajedrez tras corregir la distancia focal de la cámara con la matriz de calibración K\n",
    "\n",
    "Posteriormente usamos el algoritmo de OpenCV cv2.findChessboardCorners() sobre la región predicha por el programa\n",
    "\n",
    "A continuación calculamos la velocidad rotacional de las esquinas y la velocidad translacional del tablero para dibujar el vector resultante sobre cada esquina del tablero\n",
    "\n",
    "Por último predecimos predecimos la posición del tablero en el siguiente frame del video\n",
    "\n",
    "---\n",
    "\n",
    "### Preparaciones\n",
    "\n",
    "Antes de trabajar con el programa principal, para su correcto funcionamiento es necesario importar las siguientes librerías y definir las siguientes funciones auxiliares:"
   ]
  },
  {
   "cell_type": "code",
   "execution_count": 1,
   "id": "d55cb343",
   "metadata": {},
   "outputs": [],
   "source": [
    "#! /usr/bin/env python3\n",
    "#encoding: utf-8\n",
    "\n",
    "import numpy as np\n",
    "import numpy.linalg as lin\n",
    "import cv2 \n",
    "import sys\n",
    "from rigidBody import *\n",
    "from areEqual import *"
   ]
  },
  {
   "cell_type": "markdown",
   "id": "db2fcfe5",
   "metadata": {},
   "source": [
    "#### Definición de funciones auxiliares\n",
    "\n",
    "* ##### isInteger (s)\n",
    "\n",
    "Determina si el parámetro `s` es un entero\n",
    "\n",
    "Devuelve verdadero o falso acorde al resultado"
   ]
  },
  {
   "cell_type": "code",
   "execution_count": 2,
   "id": "62a7c03c",
   "metadata": {},
   "outputs": [],
   "source": [
    "def isInteger (s):\n",
    "   try:\n",
    "      int(s)\n",
    "      return True\n",
    "   except ValueError:\n",
    "      return False"
   ]
  },
  {
   "cell_type": "markdown",
   "id": "7ac27d9b",
   "metadata": {},
   "source": [
    "* ##### areEqual (a, b, ord)\n",
    "\n",
    "Compara las cantidades reales `a` y `b`.\n",
    "\n",
    "Retorna `True` si ambas cantidades son iguales hasta el decimal `ord`.\n",
    "\n",
    "Retorna `False` en caso contrario. "
   ]
  },
  {
   "cell_type": "code",
   "execution_count": 3,
   "id": "f323526b",
   "metadata": {},
   "outputs": [],
   "source": [
    "def areEqual(a, b, ord):\n",
    "   if a == b:\n",
    "      return True\n",
    "   if a != 0. and b != 0.:\n",
    "      val = np.abs((a-b)/max(np.abs([a,b])))\n",
    "   else:\n",
    "      val = max(np.abs([a,b]));\n",
    "   if -np.log10(val) > ord:\n",
    "      return True;\n",
    "   return False"
   ]
  },
  {
   "cell_type": "markdown",
   "id": "d20c9f32",
   "metadata": {},
   "source": [
    "* ##### normPH (P)\n",
    "\n",
    "Normaliza una matriz `P` que contiene coordenadas homogéneas"
   ]
  },
  {
   "cell_type": "code",
   "execution_count": 4,
   "id": "5811ff96",
   "metadata": {},
   "outputs": [],
   "source": [
    "def normPH(P):\n",
    "   r, c = P.shape\n",
    "   if r > 2:\n",
    "      lr = r - 1\n",
    "      for i in range(c):\n",
    "         P[:,i] /= P[lr, i]"
   ]
  },
  {
   "cell_type": "markdown",
   "id": "11d4c519",
   "metadata": {},
   "source": [
    "* ##### skew (v)\n",
    "\n",
    "Calcula la matriz antisimétrica del vector `v`\n",
    "\n",
    "Transforma el vector `v` a la matriz `skv` y retorna la diferencia con su transpuesta.\n",
    "\n",
    "(Exactamente como lo transforma y qué es la matriz `skv`??)"
   ]
  },
  {
   "cell_type": "code",
   "execution_count": 5,
   "id": "45346a58",
   "metadata": {},
   "outputs": [],
   "source": [
    "def skew(v):\n",
    "    skv = np.roll(np.roll(np.diag(v.flatten()),1,1),-1,0)\n",
    "    return skv - skv.T"
   ]
  },
  {
   "cell_type": "markdown",
   "id": "ebe39a86",
   "metadata": {},
   "source": [
    "* ##### rodriguesRot (v)\n",
    "\n",
    "Usa la formula Rodrigues para calcular la matriz de rotación que corresponde a una rotación de ||`v`|| radianes alrededor de la rotación definida por el vector normal `v` / ||`v`||"
   ]
  },
  {
   "cell_type": "code",
   "execution_count": 6,
   "id": "b11b2e89",
   "metadata": {},
   "outputs": [],
   "source": [
    "def rodriguesRot(v):\n",
    "    theta = np.linalg.norm(v)\n",
    "    v = v / theta\n",
    "    omega = skew(v)\n",
    "    return np.eye(3) + np.sin(theta) * omega + (1.-np.cos(theta)) * np.dot(omega,omega)"
   ]
  },
  {
   "cell_type": "markdown",
   "id": "548c5e48",
   "metadata": {},
   "source": [
    "* ##### logSO3 (R)\n",
    "\n",
    "Calcula el eje de rotacion `w` y el ángulo de rotación `theta` de la matriz de rotación `R`.\n",
    "\n",
    "Primero confirma que `R` es una matriz de rotación validando las propiedades conocidas (R @ R.R == eye(3) and |R| = +1)"
   ]
  },
  {
   "cell_type": "code",
   "execution_count": 7,
   "id": "b6155b99",
   "metadata": {},
   "outputs": [],
   "source": [
    "def logSO3(R):\n",
    "    if not areEqual(np.linalg.det(R), 1, 6) or not areEqual(np.linalg.norm(R@R.T-np.eye(3)),0, 6):\n",
    "        print('Error en logSO3: R no es una matriz de Rotación')\n",
    "        return None, None\n",
    "\n",
    "    theta = np.arccos((np.trace(R)-1)/2)\n",
    "    if theta != 0:\n",
    "        w = (1/(2*np.sin(theta)))*np.array([[R[2,1]-R[1,2]],[R[0,2]-R[2,0]],[R[1,0]-R[0,1]]])\n",
    "    else:\n",
    "        w = np.array([1,0,0]).reshape(3,1) #Un vector arbitrario pues theta = 0\n",
    "    return w.reshape(3,), float(theta),"
   ]
  },
  {
   "cell_type": "markdown",
   "id": "83fadbc5",
   "metadata": {},
   "source": [
    "* ##### ortGramSchmidt (v1, v2)\n",
    "\n",
    "Usa el algoritmo Gram-Schmidt para hacer `v1` y `v2` ortogonales."
   ]
  },
  {
   "cell_type": "code",
   "execution_count": 8,
   "id": "27834c96",
   "metadata": {},
   "outputs": [],
   "source": [
    "def ortGramSchmidt(v1, v2):\n",
    "    v2 = v2 - (v2 @ v1) * v1\n",
    "    n = v2 @ v2\n",
    "    if n == 0:\n",
    "        print(\"ERROR in ortGramSchmidt\")\n",
    "    v2 = v2 / np.sqrt(n)\n",
    "    return v1, v2"
   ]
  },
  {
   "cell_type": "markdown",
   "id": "d6ce5559",
   "metadata": {},
   "source": [
    "---\n",
    "\n",
    "### Programa principal\n",
    "\n",
    "Aquí inicia el contenido del programa principal\n",
    "\n",
    "#### Flujo del video\n",
    "\n",
    "El siguiente bloque de código se encarga de aceptar el flujo de datos correcto para el programa.\n",
    "\n",
    "* Primero corrobora si al ejecutar el programa recibe algún parámetro.\n",
    "* Si el parámetro es un número se leeran imagenes de la cámara correspondiente del sistema. \n",
    "* En caso contrario, se espera una ruta válida a un archivo de video.\n",
    "* El programa procesará los datos acorde al tipo de dato recibido."
   ]
  },
  {
   "cell_type": "code",
   "execution_count": 9,
   "id": "c18dc688",
   "metadata": {},
   "outputs": [
    {
     "name": "stderr",
     "output_type": "stream",
     "text": [
      "[ WARN:0@0.498] global ./modules/videoio/src/cap_gstreamer.cpp (1405) open OpenCV | GStreamer warning: Cannot query video position: status=0, value=-1, duration=-1\n"
     ]
    }
   ],
   "source": [
    "argc = len(sys.argv)\n",
    "\n",
    "# Abre el flujo en donde vienen \n",
    "if argc < 2:\n",
    "   print(\"\\nEs necesario pasa un parámetro.\")\n",
    "   print(\"Si el parámetro es un número se leeran imagenes de una cámara del sistema.\")\n",
    "   print(\"Si no lo es, el parámetro deberá ser una ruta válida a un archivo de video.\\n\")\n",
    "   exit(1)\n",
    "else:\n",
    "   #videoDevice = sys.argv[1]\n",
    "   #videoDevice = \"CalibFrame_800x700_LogitechC920.mkv\"\n",
    "   videoDevice = 0\n",
    "\n",
    "if isInteger(videoDevice):\n",
    "   camera = cv2.VideoCapture(int(videoDevice))\n",
    "   if len(sys.argv) > 3:\n",
    "      col = int(sys.argv[2]);\n",
    "      ren = int(sys.argv[3]);\n",
    "      cv2.VideoCapture.set(camera, cv2.CAP_PROP_FRAME_WIDTH, col)\n",
    "      cv2.VideoCapture.set(camera, cv2.CAP_PROP_FRAME_HEIGHT, ren)\n",
    "else:   \n",
    "   camera = cv2.VideoCapture(videoDevice)\n"
   ]
  },
  {
   "cell_type": "markdown",
   "id": "4c9b18f2",
   "metadata": {},
   "source": [
    "#### Matriz de calibración\n",
    "\n",
    "Definimos la matriz de calibración K\n",
    "\n",
    "Dado que por convención las coordenadas en la imagen tienen una reflexión en el eje vertical (y=-y), describimos la matriz de calibración convencional de la siguiente manera:\n",
    "\n",
    "K = \n",
    "$\\begin{bmatrix} 1 & 0 & 0 \\\\ 0 & -1 & 0 \\\\ 0 & 0 & 1 \\end{bmatrix}$ \n",
    "$\\begin{bmatrix} fx & 0 & 0 \\\\ 0 & fy & 0 \\\\ 0 & 0 & 1 \\end{bmatrix}$ \n",
    "$\\begin{bmatrix} 1 & 0 & Cx \\\\ 0 & 1 & -Cy \\\\ 0 & 0 & 0 \\end{bmatrix}$ = \n",
    "$\\begin{bmatrix} fx & 0 & Cx \\\\ 0 & -fy & Cy \\\\ 0 & 0 & 1 \\end{bmatrix}$\n",
    "\n",
    "Donde el tercer termino representa una transformación que traslada las coordenadas del origen de la imagen al centro óptico de la cámara, el segundo termino corresponde a la conversión a pixeles que hacemos de las unidades en que está definida las coordenadas 3D de la escena y el primer término corresponde a la reflexión que debemos hacer del eje y para tener un sistema de mano derecha."
   ]
  },
  {
   "cell_type": "code",
   "execution_count": 10,
   "id": "c75be788",
   "metadata": {},
   "outputs": [],
   "source": [
    "\n",
    "K = np.array([9.2271004234381508e+02, 0.,                     6.2731451468570708e+02,\n",
    "              0.,                    -9.2271004234381508e+02, 3.5084595044220390e+02,\n",
    "              0.,                     0.,                     1.]).reshape((3,3))\n",
    "\n",
    "\n",
    "iK = lin.inv(K)"
   ]
  },
  {
   "cell_type": "markdown",
   "id": "d7485b88",
   "metadata": {},
   "source": [
    "#### Obtener marco de referencia\n",
    "\n",
    "* ##### recoverPose (iK, chBCoors, imgCoors)\n",
    "\n",
    "Calcula la posición de la cámara definida por la matriz de rotación `R`, y el vector de traslación `T`, de correspondencias entre coordenadas 3D y puntos ubicados en una superficie plana (`chBCoors`), y sus proyecciones 2D en el plano de imágen.\n",
    "\n",
    "Esta función asume que el marco de referencia de los puntos 3D está definido de tal manera que el plano XY se ubica en una superficie plana, y el eje-Z es ortonormal a dicho plano. Esto implica que el componente Z de las coordenadas 3D siempre serán ceros y solo se necesitan las coordenadas X y Y de los puntos 3D.\n",
    "\n",
    "Parámetros:\n",
    "\n",
    "- `iK`      : La inversa de la matriz de calibración que define los parámetros intrínsecos de la cámara usada para obtener las coordenadas `imgCoors`.\n",
    "- `chBCoors`: Un arreglo 3xN. Cada columna del arreglo contiene una coordenada 3D. \n",
    "- `imgCoors`: Un arreglo 2xN. Cada columna del arreglo contiene una coordenada 2D.\n",
    "\n",
    "Importante: N >= 4.\n",
    "\n",
    "La función retorna la matriz de rotación `R` y el vector de traslación `T` que define la posición relativa de la superficie plana del marco de referencia con respecto a la cámara. \n",
    "\n",
    "Nota: `chBCoors` podría ser un arreglo 4xN que corresponda a las coordenadas homogéneas 3D o un arreglo 2xN que contenga solo los componentes (X, Y) de una coordenada 3D."
   ]
  },
  {
   "cell_type": "code",
   "execution_count": 11,
   "id": "87cab352",
   "metadata": {},
   "outputs": [],
   "source": [
    "def recoverPose(iK, chBCoors, imgCoors):\n",
    "   rI, cI = imgCoors.shape\n",
    "   rC, cC = chBCoors.shape \n",
    "\n",
    "   if cI != cC or cI < 4 or cC < 4:\n",
    "      return None, None\n",
    "   \n",
    "   # Convert the image coordinates to canonica coordinates that corresponds to a camera\n",
    "   # whose calibration matrix K = np.eye(3)\n",
    "   imgCoorsC = iK @ np.vstack([imgCoors,np.ones(cI)])\n",
    "   normPH(imgCoorsC)\n",
    "\n",
    "   if rC == 4:\n",
    "      normPH(chBCoors)\n",
    "\n",
    "\n",
    "   # Compute the homography that relates the 3D coordinates of points that lay on a space plane\n",
    "   # and their proyection in tha camera's plane.\n",
    "   H, _ = cv2.findHomography(chBCoors[:2,:].T, imgCoorsC.T)\n",
    "\n",
    "   #Normalize H so that the 1st column norm is equal to 1\n",
    "   factH = 1/lin.norm(H[:,0])\n",
    "   H  = factH  *  H\n",
    "\n",
    "   #Recover the translation vector\n",
    "   T = H[:,2].reshape(3,1)\n",
    "\n",
    "   # Use gram-Schmidt algoritm to make sure the first two columna are\n",
    "   # ortonormal\n",
    "   v1 = H[:,0]\n",
    "   v2 = H[:,1]\n",
    "\n",
    "   v1, v2 = ortGramSchmidt(H[:,0], H[:,1])\n",
    "   v2 = v2 / lin.norm(v2)\n",
    "\n",
    "   #Recover the third column of the rotation matrix.\n",
    "   v3 = np.cross(v1,v2)\n",
    "\n",
    "   #Compose the Rotation Matrix from the vector v1, v2, v3\n",
    "   R = np.hstack([v1, v2, v3]).reshape(3,3)\n",
    "\n",
    "   # Note: R and T are defined with respecto the 3D plane reference frame.\n",
    "   # we return the inverse of R (i.e. its transpose) so that it corresponds\n",
    "   # to the camera reference frame.\n",
    "   return R.T, T"
   ]
  },
  {
   "cell_type": "markdown",
   "id": "f6f5b863",
   "metadata": {},
   "source": [
    "#### Dibujar marco de referencia\n",
    "\n",
    "* ##### drawAxes (img, K, R, T, fact = 1)\n",
    "\n",
    "Dibuja en la matriz de imagen `img` un marco de referencia con pose definida por la matriz de rotación `R` y el vector de Traslación `T`.\n",
    "\n",
    "El parámetro `K` corresponde a la matriz de parámetros intrínsecos de la cámara, mientras que el parámetro `fact` es un factor de escala que determina el tamaño de los ejes."
   ]
  },
  {
   "cell_type": "code",
   "execution_count": 12,
   "id": "f4e5cc54",
   "metadata": {},
   "outputs": [],
   "source": [
    "def drawAxes(img, K, R, T, fact=1.):\n",
    "   ax3 = np.array([[0, fact,    0,    0],\\\n",
    "                  [ 0,    0, fact,    0],\\\n",
    "                  [ 0,    0,    0, fact],\\\n",
    "                  [ 1,    1,    1,    1]], dtype='double')\n",
    "   ax3T = np.concatenate([R,T], axis=1) @ ax3\n",
    "   ax2 = K @ ax3T\n",
    "\n",
    "   normPH(ax2)\n",
    "\n",
    "   C = (int(ax2[0, 0]), int(ax2[1, 0]))\n",
    "   X = (int(ax2[0, 1]), int(ax2[1, 1]))\n",
    "   Y = (int(ax2[0, 2]), int(ax2[1, 2]))\n",
    "   Z = (int(ax2[0, 3]), int(ax2[1, 3]))\n",
    "      \n",
    "   cv2.line(img, (C[0],C[1]), (X[0], X[1]), (0, 0, 255), 5)\n",
    "   cv2.line(img, (C[0],C[1]), (Y[0], Y[1]), (0, 255, 0), 5)\n",
    "   cv2.line(img, (C[0],C[1]), (Z[0], Z[1]), (255, 0, 0), 5)"
   ]
  },
  {
   "cell_type": "markdown",
   "id": "040da0f9",
   "metadata": {},
   "source": [
    "#### Configuraciones previas \n",
    "\n",
    "Previo a la ejecución del loop principal es necesario declarar las siguientes variables:\n",
    "\n",
    "- `side`: Es el tamaño de un lado de un cuadro del tablero de Ajedrez medido en metros.\n",
    "- `side2`: Es la mitad del tamaño de un lado del tablero de Ajedrez.\n",
    "- `chBrdRows`: Número de filas internas del tablero.\n",
    "- `chBrdCols`: Número de columnas internas del tablero.\n",
    "- `nCorners`: Número de esquinas internas del tablero de ajedrez.\n",
    "- `P3`: Matriz de coordenadas homogeneas 3D en metros de las esquinas del tablero de ajedrez con respecto a un marco de referencia centrado en el marcador.\n",
    "\n",
    "Nota: Los ejes X y Y del marco de referencia son paralelos alos lados del marcador, y el plano XY yace exactamente sobre el plano que pasa por el marcador, por eso los componentes X de las coordenadas son iguales a 0.\n",
    "\n",
    "\n",
    "- `P2`: Matriz de coordenadas homogeneas 2D en metros de las esquinas del marcador (Se construye eliminando el tercer renglon de P3).\n",
    "- `dt`: Número de frames por segundo en que fueron capturadas las imágenes"
   ]
  },
  {
   "cell_type": "code",
   "execution_count": 13,
   "id": "44e36cfc",
   "metadata": {},
   "outputs": [],
   "source": [
    "side = 2.4069999694824219e-02 # 24.06 mm\n",
    "side2 = side/2\n",
    "\n",
    "chBrdRows = 6\n",
    "chBrdCols = 8\n",
    "nCorners = chBrdRows * chBrdCols\n",
    "\n",
    "x = np.linspace(0, (chBrdCols-1) * side, chBrdCols) - (chBrdCols-1) * side / 2\n",
    "y = np.linspace(0, (chBrdRows-1) * side, chBrdRows) - (chBrdRows-1) * side / 2\n",
    "X, Y = np.meshgrid(x,y)\n",
    "P3 = np.vstack([X.flatten(), Y.flatten(), np.zeros(nCorners), np.ones(nCorners)])\n",
    "\n",
    "P2 = np.vstack([X.flatten(), Y.flatten(), np.ones(nCorners)])\n",
    "\n",
    "FPS=30\n",
    "DELAY=1000//FPS\n",
    "dt =1./FPS\n",
    "omegaFilt = np.zeros((3,1))\n",
    "vFilt = np.zeros((3,1))\n",
    "alpha = 0.25\n",
    "useROI = False"
   ]
  },
  {
   "cell_type": "markdown",
   "id": "694f91b2",
   "metadata": {},
   "source": [
    "#### Loop principal\n",
    "\n",
    "A continuación el loop principal del programa\n",
    "\n",
    "* Primero comprueba si el programa recibe informaición de video\n",
    "* Se prepara la ventana **chessBoard** donde se mostrará el video\n",
    "\n",
    "#### Procedimiento\n",
    "\n",
    "##### 1. Detección de esquinas\n",
    "\n",
    "La detección de esquinas se realiza mediante la función de OpenCV **finChessboardCorners()**\n",
    "\n",
    "se encarga de encontrar la posición de las esquinas internas del tablero de Ajedrez\n",
    "\n",
    "Como mejora de implementación en vez buscar las esquinas en toda la imágen las buscaremos en la región que predecimos se encontrarán las esquinas en el próximo frame\n",
    "\n",
    "...\n",
    "\n",
    "Una vez encontradas las esquinas se dibuja un círculo a su alrededor denotando su posición.\n",
    "\n",
    "---\n",
    "\n",
    "##### 2. Velocidad rotacional y translacional de las esquinas\n",
    "\n",
    "En este apartado describimos como encontramos la velocidad rotacional y translacional de las esquinas\n",
    "\n",
    "1. Rotación relativa\n",
    "2. Eje + Angulo\n",
    "3. Velocidad angular\n",
    "4. Velocidad lineal\n",
    "\n",
    "---\n",
    "\n",
    "##### 3. Marco de calibración\n",
    "\n",
    "En este apartado describimos como encontramos el marco de calibración\n",
    "\n",
    "Y también describimos como lo dibujamos\n",
    "\n",
    "---\n",
    "\n",
    "##### 4. Estimación y predicción de las esquinas\n",
    "\n",
    "En este apartado describimos como predecimos la ubicación de las esquinas en el próximo frame\n",
    "\n",
    "Igual describimos como lo implementamos para que la región sea más grande de lo normal (como lo describió en la clase del martes)\n"
   ]
  },
  {
   "cell_type": "code",
   "execution_count": 14,
   "id": "ff97a906",
   "metadata": {},
   "outputs": [
    {
     "name": "stderr",
     "output_type": "stream",
     "text": [
      "QSocketNotifier: Can only be used with threads started with QThread\n"
     ]
    },
    {
     "name": "stdout",
     "output_type": "stream",
     "text": [
      "R1_000 = \n",
      " [[-0.11303992  0.95056736  0.28921217]\n",
      " [ 0.9160253  -0.01304499  0.40090832]\n",
      " [ 0.38486313  0.3102443  -0.86926914]] \n",
      "\n",
      "T1_000 =  [[-0.36718059 -0.03361029  0.90092402]] \n",
      "\n",
      "||T1|| 0.973455360081786 \n",
      "\n",
      "\n",
      "R1_001 = \n",
      " [[-0.10903489  0.95740402  0.26737413]\n",
      " [ 0.91627823 -0.00748864  0.40047237]\n",
      " [ 0.38541613  0.28865456 -0.87643195]] \n",
      "\n",
      "T1_001 =  [[-0.3684252  -0.02818514  0.90643139]] \n",
      "\n",
      "||T1|| 0.9788510563898701 \n",
      "\n",
      "\n",
      "R1_002 = \n",
      " [[-0.11509583  0.94619595  0.30243376]\n",
      " [ 0.90076889 -0.02893691  0.43333366]\n",
      " [ 0.41877005  0.32229782 -0.84897335]] \n",
      "\n",
      "T1_002 =  [[-0.36298876 -0.02365026  0.8969276 ]] \n",
      "\n",
      "||T1|| 0.9678839253237512 \n",
      "\n",
      "\n",
      "R1_003 = \n",
      " [[-0.11221258  0.9488076   0.29524985]\n",
      " [ 0.90105327 -0.0281127   0.43279635]\n",
      " [ 0.41894074  0.31460104 -0.85177159]] \n",
      "\n",
      "T1_003 =  [[-0.36308006 -0.02141547  0.89882087]] \n",
      "\n",
      "||T1|| 0.9696209064248206 \n",
      "\n",
      "\n",
      "R1_004 = \n",
      " [[-0.11395014  0.94458403  0.30785771]\n",
      " [ 0.89510436 -0.03683517  0.44433248]\n",
      " [ 0.43104936  0.32619653 -0.84130391]] \n",
      "\n",
      "T1_004 =  [[-0.35991667 -0.01817443  0.8933359 ]] \n",
      "\n",
      "||T1|| 0.9632857061650345 \n",
      "\n",
      "\n",
      "R1_005 = \n",
      " [[-0.11257345  0.93896818  0.32506302]\n",
      " [ 0.89533827 -0.04602125  0.44300274]\n",
      " [ 0.43092528  0.34091171 -0.83551338]] \n",
      "\n",
      "T1_005 =  [[-0.35990034 -0.01717539  0.89421732]] \n",
      "\n",
      "||T1|| 0.9640787673645823 \n",
      "\n",
      "\n",
      "R1_006 = \n",
      " [[-0.11061729  0.93722413  0.33071853]\n",
      " [ 0.89539898 -0.05042892  0.44239981]\n",
      " [ 0.43130555  0.3450621  -0.83361122]] \n",
      "\n",
      "T1_006 =  [[-0.35896638 -0.01576344  0.8932709 ]] \n",
      "\n",
      "||T1|| 0.9628282505001069 \n",
      "\n",
      "\n",
      "R1_007 = \n",
      " [[-0.10708598  0.93607396  0.33510914]\n",
      " [ 0.89951643 -0.0523714   0.43373659]\n",
      " [ 0.42355966  0.34788329 -0.83640567]] \n",
      "\n",
      "T1_007 =  [[-0.36017556 -0.01544943  0.89676368]] \n",
      "\n",
      "||T1|| 0.9665144703855354 \n",
      "\n",
      "\n",
      "R1_008 = \n",
      " [[-0.1059284   0.93631641  0.33479957]\n",
      " [ 0.90049852 -0.05248028  0.43168072]\n",
      " [ 0.42176012  0.34721376 -0.83759239]] \n",
      "\n",
      "T1_008 =  [[-0.36033582 -0.01536965  0.89694954]] \n",
      "\n",
      "||T1|| 0.9667453646114765 \n",
      "\n",
      "\n",
      "R1_009 = \n",
      " [[-0.10641759  0.93483855  0.33875093]\n",
      " [ 0.89857778 -0.0554458   0.43529729]\n",
      " [ 0.425715    0.35071735 -0.83412474]] \n",
      "\n",
      "T1_009 =  [[-0.35964332 -0.01581931  0.89443631]] \n",
      "\n",
      "||T1|| 0.9641627880726767 \n",
      "\n",
      "\n",
      "R1_010 = \n",
      " [[-0.10280911  0.93172486  0.34830887]\n",
      " [ 0.90151665 -0.06069871  0.42846633]\n",
      " [ 0.42035463  0.35805649 -0.8337251 ]] \n",
      "\n",
      "T1_010 =  [[-0.36125409 -0.01652236  0.89690529]] \n",
      "\n",
      "||T1|| 0.9670659784300939 \n",
      "\n",
      "\n",
      "R1_011 = \n",
      " [[-0.10535183  0.92947348  0.35352516]\n",
      " [ 0.89973996 -0.06231241  0.43195505]\n",
      " [ 0.42351977  0.36358797 -0.82971971]] \n",
      "\n",
      "T1_011 =  [[-0.3619352  -0.01717023  0.89622167]] \n",
      "\n",
      "||T1|| 0.966698088147202 \n",
      "\n",
      "\n",
      "R1_012 = \n",
      " [[-0.10514981  0.92638519  0.36159923]\n",
      " [ 0.90068936 -0.06541906  0.42951022]\n",
      " [ 0.42154738  0.3708515  -0.82750648]] \n",
      "\n",
      "T1_012 =  [[-0.36276122 -0.01732431  0.89727526]] \n",
      "\n",
      "||T1|| 0.9679869461092135 \n",
      "\n",
      "\n",
      "R1_013 = \n",
      " [[-0.10895082  0.93176835  0.34631989]\n",
      " [ 0.89735285 -0.05769327  0.43752641]\n",
      " [ 0.42765359  0.35844    -0.82983925]] \n",
      "\n",
      "T1_013 =  [[-0.36254508 -0.01740362  0.89487648]] \n",
      "\n",
      "||T1|| 0.9656840722262631 \n",
      "\n",
      "\n",
      "R1_014 = \n",
      " [[-0.10760426  0.93210809  0.3458263 ]\n",
      " [ 0.8984194  -0.05779468  0.43531868]\n",
      " [ 0.42575098  0.3575392  -0.83120504]] \n",
      "\n",
      "T1_014 =  [[-0.36362371 -0.01734994  0.8968944 ]] \n",
      "\n",
      "||T1|| 0.9679580544545895 \n",
      "\n",
      "\n",
      "R1_015 = \n",
      " [[-0.10440398  0.93294541  0.34454705]\n",
      " [ 0.90126707 -0.05772379  0.42940149]\n",
      " [ 0.42049671  0.35536014 -0.83480638]] \n",
      "\n",
      "T1_015 =  [[-0.36599949 -0.0170311   0.90140594]] \n",
      "\n",
      "||T1|| 0.9730253654728851 \n",
      "\n",
      "\n",
      "R1_016 = \n",
      " [[-0.10421431  0.93293929  0.34462104]\n",
      " [ 0.90112014 -0.05805524  0.42966508]\n",
      " [ 0.42085849  0.35532221 -0.8346402 ]] \n",
      "\n",
      "T1_016 =  [[-0.36685441 -0.01655322  0.90255433]] \n",
      "\n",
      "||T1|| 0.9744026327511455 \n",
      "\n",
      "\n",
      "R1_017 = \n",
      " [[-0.1043301   0.93155362  0.34831463]\n",
      " [ 0.90244174 -0.05852091  0.42681872]\n",
      " [ 0.41798821  0.3588637  -0.83456737]] \n",
      "\n",
      "T1_017 =  [[-0.36820467 -0.01578184  0.90413703]] \n",
      "\n",
      "||T1|| 0.9763644414679981 \n",
      "\n",
      "\n",
      "R1_018 = \n",
      " [[-0.10867697  0.93479229  0.33816076]\n",
      " [ 0.89956896 -0.05228636  0.43363789]\n",
      " [ 0.42304255  0.35132537 -0.8352278 ]] \n",
      "\n",
      "T1_018 =  [[-0.36797421 -0.0151057   0.9013794 ]] \n",
      "\n",
      "||T1|| 0.973713521496677 \n",
      "\n",
      "\n",
      "R1_019 = \n",
      " [[-0.10579303  0.9351845   0.33799082]\n",
      " [ 0.90218723 -0.05266825  0.42811711]\n",
      " [ 0.41816987  0.35022281 -0.83813957]] \n",
      "\n",
      "T1_019 =  [[-0.37060656 -0.01462732  0.90434877]] \n",
      "\n",
      "||T1|| 0.977450706078544 \n",
      "\n",
      "\n",
      "R1_020 = \n",
      " [[-0.10241026  0.93235229  0.34674393]\n",
      " [ 0.90705401 -0.05557456  0.41733018]\n",
      " [ 0.40836889  0.35725437 -0.84000248]] \n",
      "\n",
      "T1_020 =  [[-0.37355791 -0.01426055  0.90895717]] \n",
      "\n",
      "||T1|| 0.9828285735704347 \n",
      "\n",
      "\n",
      "R1_021 = \n",
      " [[-0.10919095  0.93332136  0.34203594]\n",
      " [ 0.90249039 -0.0511424   0.42766289]\n",
      " [ 0.41663945  0.35538107 -0.83672927]] \n",
      "\n",
      "T1_021 =  [[-0.37422119 -0.0126756   0.90461394]] \n",
      "\n",
      "||T1|| 0.9790447140064933 \n",
      "\n",
      "\n",
      "R1_022 = \n",
      " [[-0.10875467  0.93127117  0.34771601]\n",
      " [ 0.90382564 -0.05298939  0.42460728]\n",
      " [ 0.41384977  0.36045267 -0.83594392]] \n",
      "\n",
      "T1_022 =  [[-0.37663017 -0.01185451  0.90760242]] \n",
      "\n",
      "||T1|| 0.9827171353284797 \n",
      "\n",
      "\n",
      "R1_023 = \n",
      " [[-0.11018632  0.93713835  0.33110526]\n",
      " [ 0.90311471 -0.04470305  0.4270661 ]\n",
      " [ 0.41502144  0.34608287 -0.84141776]] \n",
      "\n",
      "T1_023 =  [[-0.37952763 -0.00900894  0.90864528]] \n",
      "\n",
      "||T1|| 0.9847632320622373 \n",
      "\n",
      "\n",
      "R1_024 = \n",
      " [[-0.11343919  0.93802404  0.32747894]\n",
      " [ 0.89844112 -0.04387516  0.43689646]\n",
      " [ 0.42418757  0.34378173 -0.83778221]] \n",
      "\n",
      "T1_024 =  [[-0.38082551 -0.00579888  0.90604708]] \n",
      "\n",
      "||T1|| 0.9828443438967989 \n",
      "\n",
      "\n",
      "R1_025 = \n",
      " [[-0.11307871  0.94140922  0.317745  ]\n",
      " [ 0.89792268 -0.04008806  0.43832386]\n",
      " [ 0.42537991  0.33487554 -0.84077958]] \n",
      "\n",
      "T1_025 =  [[-0.3824489  -0.004088    0.90692682]] \n",
      "\n",
      "||T1|| 0.9842764497086108 \n",
      "\n",
      "\n",
      "R1_026 = \n",
      " [[-0.11345799  0.94638832  0.30245071]\n",
      " [ 0.89526907 -0.03462286  0.4441785 ]\n",
      " [ 0.43083705  0.32117036 -0.84334396]] \n",
      "\n",
      "T1_026 =  [[-0.38416652 -0.00142488  0.90518855]] \n",
      "\n",
      "||T1|| 0.9833373092925718 \n",
      "\n",
      "\n",
      "R1_027 = \n",
      " [[-0.1153802   0.94607522  0.30270296]\n",
      " [ 0.89405745 -0.0338785   0.44666937]\n",
      " [ 0.43283794  0.32217063 -0.84193669]] \n",
      "\n",
      "T1_027 =  [[-3.85248904e-01  5.63825110e-04  9.02819310e-01]] \n",
      "\n",
      "||T1|| 0.9815802268468977 \n",
      "\n",
      "\n",
      "R1_028 = \n",
      " [[-0.11448965  0.94826962  0.29610277]\n",
      " [ 0.89645212 -0.02982604  0.44213572]\n",
      " [ 0.42809544  0.31606192 -0.84666354]] \n",
      "\n",
      "T1_028 =  [[-0.38681776  0.00122982  0.9042769 ]] \n",
      "\n",
      "||T1|| 0.9835375950544718 \n",
      "\n",
      "\n",
      "R1_029 = \n",
      " [[-0.11710064  0.9521802   0.28220615]\n",
      " [ 0.89421107 -0.02253303  0.44707811]\n",
      " [ 0.43205788  0.304705   -0.84881144]] \n",
      "\n",
      "T1_029 =  [[-0.38676227  0.00189551  0.90046434]] \n",
      "\n",
      "||T1|| 0.9800125851386406 \n",
      "\n",
      "\n",
      "R1_030 = \n",
      " [[-0.11492174  0.95000744  0.2903082 ]\n",
      " [ 0.89816346 -0.02547811  0.43892284]\n",
      " [ 0.42437647  0.311186   -0.85033399]] \n",
      "\n",
      "T1_030 =  [[-0.38835059  0.00186294  0.90259723]] \n",
      "\n",
      "||T1|| 0.9825993143628752 \n",
      "\n",
      "\n",
      "R1_031 = \n",
      " [[-0.1159013   0.95838562  0.26089058]\n",
      " [ 0.89911676 -0.01038536  0.43758564]\n",
      " [ 0.42208523  0.28528784 -0.8604969 ]] \n",
      "\n",
      "T1_031 =  [[-0.38881061  0.0016451   0.90140609]] \n",
      "\n",
      "||T1|| 0.9816869907242085 \n",
      "\n",
      "\n",
      "R1_032 = \n",
      " [[-0.11631918  0.95895031  0.2586197 ]\n",
      " [ 0.90020419 -0.00822723  0.43539032]\n",
      " [ 0.41964541  0.28345478 -0.8622941 ]] \n",
      "\n",
      "T1_032 =  [[-0.38950647  0.00145689  0.90219116]] \n",
      "\n",
      "||T1|| 0.9826832116769016 \n",
      "\n",
      "\n",
      "R1_033 = \n",
      " [[-0.12134572  0.96456308  0.23429313]\n",
      " [ 0.89847024  0.00640052  0.43898776]\n",
      " [ 0.42193179  0.26377469 -0.86740791]] \n",
      "\n",
      "T1_033 =  [[-3.89321320e-01  6.84284144e-04  9.00540865e-01]] \n",
      "\n",
      "||T1|| 0.981093984907754 \n",
      "\n",
      "\n",
      "R1_034 = \n",
      " [[-0.12832418  0.97464063  0.18332637]\n",
      " [ 0.89423895  0.03378844  0.44631272]\n",
      " [ 0.4288002   0.22121029 -0.87589748]] \n",
      "\n",
      "T1_034 =  [[-3.88317840e-01  4.74118712e-06  8.97864782e-01]] \n",
      "\n",
      "||T1|| 0.9782391894492282 \n",
      "\n",
      "\n",
      "R1_035 = \n",
      " [[-0.13270047  0.97894808  0.15508462]\n",
      " [ 0.89042159  0.04901712  0.45248946]\n",
      " [ 0.43536189  0.19813626 -0.8781811 ]] \n",
      "\n",
      "T1_035 =  [[-3.87041050e-01 -1.91820956e-04  8.95169988e-01]] \n",
      "\n",
      "||T1|| 0.9752590010311458 \n",
      "\n",
      "\n",
      "R1_036 = \n",
      " [[-0.13208445  0.98519864  0.10925809]\n",
      " [ 0.89283823  0.07036855  0.44484623]\n",
      " [ 0.43057357  0.15630707 -0.8889176 ]] \n",
      "\n",
      "T1_036 =  [[-3.88887075e-01 -4.73427384e-04  9.00512412e-01]] \n",
      "\n",
      "||T1|| 0.9808955014282514 \n",
      "\n",
      "\n",
      "R1_037 = \n",
      " [[-0.1249697   0.99109841  0.04589675]\n",
      " [ 0.8993368   0.09361996  0.42711663]\n",
      " [ 0.41901776  0.09465327 -0.90303094]] \n",
      "\n",
      "T1_037 =  [[-3.92996124e-01 -6.32048894e-04  9.13263258e-01]] \n",
      "\n",
      "||T1|| 0.9942314277091805 \n",
      "\n",
      "\n",
      "R1_038 = \n",
      " [[-0.12530933  0.99197747  0.01668168]\n",
      " [ 0.89589683  0.10591661  0.43145166]\n",
      " [ 0.42622346  0.06900999 -0.90198181]] \n",
      "\n",
      "T1_038 =  [[-3.92057506e-01 -6.20969874e-04  9.13177645e-01]] \n",
      "\n",
      "||T1|| 0.993782111305519 \n",
      "\n",
      "\n",
      "R1_039 = \n",
      " [[-0.12107798  0.99170214 -0.04320863]\n",
      " [ 0.89627682  0.12792919  0.42464336]\n",
      " [ 0.42664738  0.01268806 -0.90432905]] \n",
      "\n",
      "T1_039 =  [[-3.93899086e-01 -5.57384576e-04  9.22116279e-01]] \n",
      "\n",
      "||T1|| 1.0027239068976168 \n",
      "\n",
      "\n"
     ]
    },
    {
     "name": "stdout",
     "output_type": "stream",
     "text": [
      "R1_040 = \n",
      " [[-0.11712741  0.99001137 -0.07847712]\n",
      " [ 0.8995831   0.13924295  0.41395851]\n",
      " [ 0.42075102 -0.02211081 -0.90690666]] \n",
      "\n",
      "T1_040 =  [[-3.96552860e-01 -6.13336415e-04  9.30739370e-01]] \n",
      "\n",
      "||T1|| 1.0116967536981194 \n",
      "\n",
      "\n",
      "R1_041 = \n",
      " [[-0.12079678  0.98456537 -0.12664584]\n",
      " [ 0.89429788  0.16331043  0.41660653]\n",
      " [ 0.43085895 -0.06293438 -0.9002221 ]] \n",
      "\n",
      "T1_041 =  [[-3.96316257e-01 -7.33669462e-04  9.34814818e-01]] \n",
      "\n",
      "||T1|| 1.0153550396632918 \n",
      "\n",
      "\n",
      "R1_042 = \n",
      " [[-0.12372701  0.97657146 -0.17606761]\n",
      " [ 0.89088278  0.18746533  0.41374463]\n",
      " [ 0.43705777 -0.10566422 -0.89320523]] \n",
      "\n",
      "T1_042 =  [[-0.39713539 -0.0012409   0.94125496]] \n",
      "\n",
      "||T1|| 1.0216060715250543 \n",
      "\n",
      "\n",
      "R1_043 = \n",
      " [[ 0.1234059  -0.97339008 -0.19308737]\n",
      " [-0.89220197 -0.19401457  0.40784064]\n",
      " [-0.4344498   0.12194299 -0.89240309]] \n",
      "\n",
      "T1_043 =  [[-0.39859505 -0.00151877  0.94667794]] \n",
      "\n",
      "||T1|| 1.027170603535425 \n",
      "\n",
      "\n",
      "R1_044 = \n",
      " [[ 0.12108635 -0.96415632 -0.23609464]\n",
      " [-0.89663742 -0.20828236  0.39071703]\n",
      " [-0.42588664  0.16438079 -0.88971879]] \n",
      "\n",
      "T1_044 =  [[-0.40226617 -0.00230324  0.95837483]] \n",
      "\n",
      "||T1|| 1.0393775510809156 \n",
      "\n",
      "\n",
      "R1_045 = \n",
      " [[ 0.12503596 -0.96235995 -0.24130756]\n",
      " [-0.8937204  -0.21486709  0.39382227]\n",
      " [-0.43084783  0.16641955 -0.88694683]] \n",
      "\n",
      "T1_045 =  [[-0.4016685  -0.0027493   0.95818395]] \n",
      "\n",
      "||T1|| 1.0389714241654475 \n",
      "\n",
      "\n",
      "R1_046 = \n",
      " [[ 0.12447354 -0.9605773  -0.24859119]\n",
      " [-0.89549447 -0.216654    0.38878105]\n",
      " [-0.42731253  0.17421908 -0.88715935]] \n",
      "\n",
      "T1_046 =  [[-0.40335762 -0.00356147  0.96404021]] \n",
      "\n",
      "||T1|| 1.0450280281716526 \n",
      "\n",
      "\n",
      "R1_047 = \n",
      " [[ 0.12262691 -0.95637105 -0.26517364]\n",
      " [-0.89702036 -0.22112758  0.3826971 ]\n",
      " [-0.42463764  0.19093719 -0.88500049]] \n",
      "\n",
      "T1_047 =  [[-0.40447044 -0.0042235   0.96756839]] \n",
      "\n",
      "||T1|| 1.0487148177339671 \n",
      "\n",
      "\n",
      "R1_048 = \n",
      " [[ 0.12218361 -0.95608427 -0.26640952]\n",
      " [-0.89738818 -0.22108587  0.38185796]\n",
      " [-0.42398777  0.19241597 -0.88499179]] \n",
      "\n",
      "T1_048 =  [[-0.40470459 -0.00452006  0.96823716]] \n",
      "\n",
      "||T1|| 1.049423378177144 \n",
      "\n",
      "\n",
      "R1_049 = \n",
      " [[ 0.11827363 -0.95936294 -0.25619153]\n",
      " [-0.90071928 -0.21225706  0.37901415]\n",
      " [-0.41799059  0.18592927 -0.88922111]] \n",
      "\n",
      "T1_049 =  [[-0.40593083 -0.00509553  0.97094391]] \n",
      "\n",
      "||T1|| 1.0523962557084745 \n",
      "\n",
      "\n",
      "R1_050 = \n",
      " [[ 0.12035236 -0.96113538 -0.24846347]\n",
      " [-0.89784101 -0.21216823  0.38583179]\n",
      " [-0.42355264  0.17664493 -0.8884817 ]] \n",
      "\n",
      "T1_050 =  [[-0.40466096 -0.00528996  0.96750347]] \n",
      "\n",
      "||T1|| 1.048733253909675 \n",
      "\n",
      "\n",
      "R1_051 = \n",
      " [[ 0.12235275 -0.96199578 -0.24411866]\n",
      " [-0.89536424 -0.21310805  0.39103432]\n",
      " [-0.42819701  0.170731   -0.88741098]] \n",
      "\n",
      "T1_051 =  [[-0.40308924 -0.00597407  0.96271079]] \n",
      "\n",
      "||T1|| 1.0437091006239 \n",
      "\n",
      "\n",
      "R1_052 = \n",
      " [[ 0.12404291 -0.95955917 -0.25270448]\n",
      " [-0.89411698 -0.21852773  0.39089698]\n",
      " [-0.43031172  0.17745937 -0.88506497]] \n",
      "\n",
      "T1_052 =  [[-0.40248605 -0.00636585  0.96097007]] \n",
      "\n",
      "||T1|| 1.0418728438370908 \n",
      "\n",
      "\n",
      "R1_053 = \n",
      " [[ 0.12494865 -0.96134114 -0.2453794 ]\n",
      " [-0.89499291 -0.21595378  0.39032249]\n",
      " [-0.42822368  0.17084256 -0.88737664]] \n",
      "\n",
      "T1_053 =  [[-0.40248658 -0.00734296  0.96056909]] \n",
      "\n",
      "||T1|| 1.041509643467639 \n",
      "\n",
      "\n",
      "R1_054 = \n",
      " [[ 0.12366816 -0.96349334 -0.23745899]\n",
      " [-0.89771706 -0.21059876  0.38697836]\n",
      " [-0.42285964  0.16531408 -0.89098876]] \n",
      "\n",
      "T1_054 =  [[-0.40358502 -0.00780807  0.9630338 ]] \n",
